beds,baths,bedrooms,price
1,1,1,139.96
1,1,nan,129.583
1,1.5,1,87.5
1,2,1,300
2,0,1,200
2,1,1,163.741
2,1,2,201.9
2,1,nan,156.75
2,1.5,1,207.8
2,1.5,2,144
2,1.5,nan,201
2,2,2,183.571
2,2,3,82
2,2.5,2,151
3,0,nan,107
3,1,1,119.889
3,1,2,175.533
3,1,3,209
3,1,nan,193
3,1.5,2,102
3,2,1,213.333
3,2,2,215.65
3,2,3,274.25
3,2.5,2,286
3,2.5,3,261
3,3,2,192
3,3,3,483.5
3,4,3,414
4,1,1,186.4
4,1,2,158.2
4,1.5,1,348
4,2,2,236.9
4,2,3,215.684
4,2,4,348.667
4,2.5,2,145
4,2.5,3,200.75
4,2.5,4,257
4,3,3,114
4,3,4,242
4,3.5,4,481
4,4.5,4,512.5
5,1,2,139.333
5,1,3,79
5,2,2,250.25
5,2,3,325.7
5,2,4,246.5
5,2,5,283
5,3,1,197
5,3,3,236.5
5,3,4,269.5
5,3,5,243
5,3.5,4,406
5,3.5,5,330
6,1,3,477
6,2,2,115
6,2,3,339.8
6,2,4,362
6,2,5,449
6,2.5,3,204
6,2.5,4,777
6,3,3,313
6,3,4,186.75
6,3,5,201
6,4.5,5,219
7,2,3,173.5
7,2,4,246
7,3,4,432.5
7,3,5,336
7,4,4,163
7,5,5,369
7,6.5,6,456
8,2,3,309.5
8,2,4,298
8,3,4,159
8,5,5,381
10,6,6,278
11,4.5,7,273
11,5,8,341
13,4,5,229
14,6.5,8,542
15,5,9,270
16,5,9,614
17,5.5,10,1435
20,14,14,741
