,beds,bedrooms,price
0,1.0,1,170.53333333333333
1,1.0,nan,159.07692307692307
2,2.0,1,230.5
3,2.0,2,189.58666666666667
4,2.0,3,141.0
5,2.0,nan,222.875
6,3.0,1,235.25
7,3.0,2,238.1578947368421
8,3.0,3,250.54320987654322
9,3.0,nan,150.0
10,4.0,1,239.85714285714286
11,4.0,2,255.44444444444446
12,4.0,3,277.0
13,4.0,4,547.0645161290323
14,4.0,5,447.0
15,5.0,1,93.0
16,5.0,2,244.61111111111111
17,5.0,3,307.52272727272725
18,5.0,4,365.5897435897436
19,5.0,5,495.0
20,6.0,1,310.3333333333333
21,6.0,2,285.5
22,6.0,3,387.2258064516129
23,6.0,4,318.5882352941176
24,6.0,5,503.35714285714283
25,6.0,6,361.3333333333333
26,7.0,2,78.0
27,7.0,3,347.25
28,7.0,4,479.89473684210526
29,7.0,5,391.125
30,7.0,6,568.0
31,7.0,7,886.6666666666666
32,8.0,2,264.5
33,8.0,3,503.57142857142856
34,8.0,4,486.4736842105263
35,8.0,5,497.77777777777777
36,8.0,6,326.3333333333333
37,8.0,7,2258.0
38,9.0,3,346.5
39,9.0,4,326.6666666666667
40,9.0,5,525.5
41,9.0,6,380.0
42,10.0,10,1538.0
43,10.0,3,342.5
44,10.0,4,258.0
45,10.0,5,641.75
46,10.0,6,498.0
47,10.0,7,1386.0
48,10.0,9,603.0
49,11.0,11,849.0
50,11.0,3,260.0
51,11.0,5,884.5
52,11.0,6,628.5
53,11.0,7,348.0
54,11.0,8,588.0
55,12.0,6,307.5
56,13.0,4,260.0
57,13.0,5,611.0
58,13.0,9,2300.0
59,15.0,9,537.0
60,16.0,11,1250.0
61,16.0,5,239.0
62,16.0,7,798.0
63,16.0,9,1357.0
64,18.0,10,285.0
65,27.0,10,1510.0
