,beds,bathrooms,bedrooms,price
0,1.0,1,1,167.1081081081081
1,1.0,1,nan,157.16666666666666
2,1.0,2,1,161.0
3,1.0,3,1,360.0
4,1.0,nan,1,165.0
5,1.0,nan,nan,182.0
6,2.0,1,1,226.05769230769232
7,2.0,1,2,154.67857142857142
8,2.0,1,nan,222.875
9,2.0,2,1,304.2
10,2.0,2,2,209.04651162790697
11,2.0,3,2,255.33333333333334
12,2.0,3,3,141.0
13,2.0,nan,1,93.0
14,2.0,nan,2,133.0
15,3.0,1,1,199.66666666666666
16,3.0,1,2,168.0625
17,3.0,1,3,111.0
18,3.0,1,nan,150.0
19,3.0,2,1,342.0
20,3.0,2,2,247.08988764044943
21,3.0,2,3,246.18032786885246
22,3.0,3,2,269.2857142857143
23,3.0,3,3,253.14285714285714
24,3.0,4,3,1000.0
25,3.0,nan,2,292.5
26,3.0,nan,3,200.0
27,4.0,1,1,256.5
28,4.0,1,2,191.0
29,4.0,1,3,150.0
30,4.0,2,1,233.2
31,4.0,2,2,253.0888888888889
32,4.0,2,3,227.65
33,4.0,2,4,575.5833333333334
34,4.0,3,2,308.55555555555554
35,4.0,3,3,346.2857142857143
36,4.0,3,4,487.3333333333333
37,4.0,4,3,503.0
38,4.0,4,4,351.0
39,4.0,4,5,447.0
40,4.0,nan,2,399.0
41,4.0,nan,3,295.0
42,4.0,nan,4,1689.0
43,5.0,1,1,93.0
44,5.0,1,2,180.0
45,5.0,2,2,243.14285714285714
46,5.0,2,3,284.1034482758621
47,5.0,2,4,267.2307692307692
48,5.0,2,5,350.0
49,5.0,3,2,319.5
50,5.0,3,3,345.7692307692308
51,5.0,3,4,367.0
52,5.0,3,5,445.5
53,5.0,4,3,398.5
54,5.0,4,4,505.0
55,5.0,5,5,739.0
56,6.0,1,1,350.0
57,6.0,1,3,85.0
58,6.0,2,1,231.0
59,6.0,2,2,290.6666666666667
60,6.0,2,3,330.9047619047619
61,6.0,2,4,235.44444444444446
62,6.0,2,5,442.0
63,6.0,3,2,270.0
64,6.0,3,3,533.75
65,6.0,3,4,349.6111111111111
66,6.0,3,5,504.6666666666667
67,6.0,4,4,345.7142857142857
68,6.0,4,5,633.6666666666666
69,6.0,5,3,700.0
70,6.0,5,5,624.0
71,6.0,5,6,242.0
72,6.0,6,5,214.0
73,6.0,7,6,600.0
74,7.0,2,2,78.0
75,7.0,2,3,298.375
76,7.0,2,4,575.6666666666666
77,7.0,3,3,445.0
78,7.0,3,4,441.0
79,7.0,3,5,381.0
80,7.0,3,6,336.0
81,7.0,4,4,390.0
82,7.0,4,5,397.2
83,7.0,4,7,915.5
84,7.0,5,4,483.0
85,7.0,5,6,800.0
86,7.0,5,7,829.0
87,8.0,1,2,222.0
88,8.0,2,2,318.5
89,8.0,2,3,451.6
90,8.0,2,4,344.375
91,8.0,2,5,342.0
92,8.0,3,2,199.0
93,8.0,3,3,631.0
94,8.0,3,4,463.3333333333333
95,8.0,3,5,523.75
96,8.0,4,3,636.0
97,8.0,4,4,1159.0
98,8.0,4,5,400.5
99,8.0,4,6,299.0
100,8.0,5,5,621.0
101,8.0,6,6,340.0
102,8.0,6,7,2983.0
103,8.0,8,7,1533.0
104,9.0,2,3,376.0
105,9.0,3,4,307.2
106,9.0,3,5,502.6
107,9.0,4,3,317.0
108,9.0,4,4,424.0
109,9.0,4,5,378.0
110,9.0,5,5,597.0
111,9.0,5,6,409.0
112,9.0,6,5,716.0
113,9.0,6,6,264.0
114,10.0,2,3,342.5
115,10.0,2,4,221.0
116,10.0,3,5,830.5
117,10.0,4,4,295.0
118,10.0,4,5,650.0
119,10.0,4,6,498.0
120,10.0,5,9,603.0
121,10.0,6,5,256.0
122,10.0,7,7,1386.0
123,10.0,9,10,1538.0
124,11.0,2,3,175.0
125,11.0,4,3,345.0
126,11.0,4,5,884.5
127,11.0,5,6,628.5
128,11.0,6,7,348.0
129,11.0,9,11,849.0
130,11.0,nan,8,588.0
131,12.0,3,6,307.5
132,13.0,10,9,2300.0
133,13.0,3,4,260.0
134,13.0,4,5,611.0
135,15.0,5,9,537.0
136,16.0,3,5,239.0
137,16.0,5,7,798.0
138,16.0,5,9,1357.0
139,16.0,9,11,1250.0
140,18.0,5,10,285.0
141,27.0,8,10,1510.0
